#
#
#  Percent Identity  Matrix - created by Clustal2.1 
#
#

     1: NC_010437.1  100.00   88.23   68.34   61.99   61.99   62.17   63.07   48.10   48.21   46.93   49.57   55.40   55.67   46.92   47.16   47.19   47.36   47.49   47.25   47.90   47.93   47.92   47.89   47.92   47.93   47.90   47.89   47.90   47.82   46.14   46.84   47.10   47.20
     2: EU420137.1    88.23  100.00   68.22   61.46   61.81   62.10   62.69   48.02   48.24   46.70   49.18   55.36   55.68   47.05   47.17   47.11   47.47   47.60   47.44   47.79   47.81   47.80   47.78   47.80   47.81   47.78   47.77   47.79   47.68   46.28   46.86   47.14   46.95
     3: NC_010438.1   68.34   68.22  100.00   61.95   62.42   61.91   62.77   47.73   47.84   47.07   48.73   55.19   55.58   46.85   46.77   46.97   47.11   47.20   47.09   47.50   47.52   47.53   47.50   47.52   47.53   47.50   47.49   47.50   47.63   46.23   46.74   47.01   46.97
     4: NC_009657.1   61.99   61.46   61.95  100.00   68.46   60.72   61.79   47.08   47.11   46.50   48.26   54.73   55.49   46.55   46.77   46.56   46.65   46.62   46.60   47.16   47.20   47.21   47.16   47.21   47.21   47.17   47.15   47.16   47.35   45.68   46.70   46.87   46.47
     5: AF353511.1    61.99   61.81   62.42   68.46  100.00   61.16   61.78   46.92   46.95   46.41   47.89   54.89   55.46   46.28   46.34   46.65   46.47   46.56   46.53   46.75   46.74   46.73   46.74   46.73   46.74   46.74   46.74   46.74   47.03   45.91   46.19   46.68   46.68
     6: NC_002645.1   62.17   62.10   61.91   60.72   61.16  100.00   66.95   48.30   48.46   47.25   49.74   55.98   56.35   46.78   46.92   47.00   47.14   47.18   47.19   47.54   47.57   47.57   47.53   47.60   47.58   47.54   47.54   47.53   47.79   45.98   46.76   47.22   46.91
     7: NC_005831.2   63.07   62.69   62.77   61.79   61.78   66.95  100.00   49.27   49.49   48.05   52.00   56.29   56.53   47.51   47.63   47.81   47.89   47.90   47.81   48.76   48.75   48.73   48.74   48.74   48.74   48.73   48.74   48.75   49.07   46.76   47.67   48.41   48.23
     8: NC_003045.1   48.10   48.02   47.73   47.08   46.92   48.30   49.27  100.00   96.60   72.76   72.62   47.26   47.40   49.28   49.22   49.46   49.47   49.48   49.55   49.94   49.93   49.92   49.93   49.92   49.92   49.90   49.91   49.94   50.41   48.54   49.48   47.69   50.64
     9: AY391777.1    48.21   48.24   47.84   47.11   46.95   48.46   49.49   96.60  100.00   72.78   72.63   47.35   47.44   49.46   49.55   49.64   49.58   49.60   49.58   50.12   50.11   50.10   50.11   50.10   50.10   50.08   50.10   50.12   50.54   48.75   49.71   47.90   50.74
    10: AY700211.1    46.93   46.70   47.07   46.50   46.41   47.25   48.05   72.76   72.78  100.00   72.37   46.48   46.46   48.87   48.68   48.77   48.45   48.54   48.58   49.24   49.23   49.23   49.23   49.23   49.23   49.20   49.22   49.24   49.41   47.88   48.96   46.38   49.37
    11: NC_006577.2   49.57   49.18   48.73   48.26   47.89   49.74   52.00   72.62   72.63   72.37  100.00   48.23   48.84   49.77   49.61   49.88   49.77   49.85   49.83   51.17   51.16   51.17   51.16   51.16   51.17   51.14   51.15   51.17   51.69   49.06   50.41   48.83   51.39
    12: DQ848678.1    55.40   55.36   55.19   54.73   54.89   55.98   56.29   47.26   47.35   46.48   48.23  100.00   78.99   47.27   47.28   47.37   47.45   47.50   47.35   47.85   47.88   47.86   47.84   47.86   47.87   47.84   47.83   47.85   47.59   46.21   46.63   46.79   46.81
    13: NC_038861.1   55.67   55.68   55.58   55.49   55.46   56.35   56.53   47.40   47.44   46.46   48.84   78.99  100.00   47.70   47.66   47.78   48.00   48.10   47.92   48.14   48.14   48.12   48.13   48.12   48.12   48.10   48.11   48.13   47.88   46.37   46.55   47.38   46.74
    14: DQ648856.1    46.92   47.05   46.85   46.55   46.28   46.78   47.51   49.28   49.46   48.87   49.77   47.27   47.70  100.00   89.17   88.64   87.94   87.90   88.02   78.81   78.82   78.82   78.82   78.83   78.81   78.79   78.79   78.80   51.42   50.18   50.77   47.00   51.38
    15: DQ648857.1    47.16   47.17   46.77   46.77   46.34   46.92   47.63   49.22   49.55   48.68   49.61   47.28   47.66   89.17  100.00   90.41   88.76   88.67   88.38   79.51   79.52   79.52   79.52   79.52   79.51   79.49   79.50   79.50   51.10   50.09   50.50   47.16   51.35
    16: GQ153541.1    47.19   47.11   46.97   46.56   46.65   47.00   47.81   49.46   49.64   48.77   49.88   47.37   47.78   88.64   90.41  100.00   88.29   88.24   87.99   79.36   79.37   79.37   79.37   79.37   79.36   79.34   79.34   79.35   51.25   50.27   50.72   47.18   51.46
    17: KC881005.1    47.36   47.47   47.11   46.65   46.47   47.14   47.89   49.47   49.58   48.45   49.77   47.45   48.00   87.94   88.76   88.29  100.00   98.78   95.41   79.60   79.62   79.62   79.61   79.62   79.61   79.57   79.58   79.59   51.38   50.15   50.63   47.09   51.47
    18: KF367457.1    47.49   47.60   47.20   46.62   46.56   47.18   47.90   49.48   49.60   48.54   49.85   47.50   48.10   87.90   88.67   88.24   98.78  100.00   95.62   79.66   79.67   79.67   79.67   79.68   79.66   79.64   79.64   79.65   51.39   50.09   50.63   47.17   51.47
    19: NC_004718.3   47.25   47.44   47.09   46.60   46.53   47.19   47.81   49.55   49.58   48.58   49.83   47.35   47.92   88.02   88.38   87.99   95.41   95.62  100.00   79.59   79.61   79.61   79.60   79.61   79.60   79.55   79.57   79.58   51.48   50.21   50.59   47.28   51.50
    20: 2019-12-26    47.90   47.79   47.50   47.16   46.75   47.54   48.76   49.94   50.12   49.24   51.17   47.85   48.14   78.81   79.51   79.36   79.60   79.66   79.59  100.00  100.00   99.99   99.99   99.99   99.99   99.99   99.99   99.98   51.73   50.19   50.99   47.82   52.09
    21: 2020-1-3      47.93   47.81   47.52   47.20   46.74   47.57   48.75   49.93   50.11   49.23   51.16   47.88   48.14   78.82   79.52   79.37   79.62   79.67   79.61  100.00  100.00   99.99   99.99   99.99   99.98   99.96   99.99   99.98   51.76   50.22   50.99   47.86   52.12
    22: 2019-12-30    47.92   47.80   47.53   47.21   46.73   47.57   48.73   49.92   50.10   49.23   51.17   47.86   48.12   78.82   79.52   79.37   79.62   79.67   79.61   99.99   99.99  100.00  100.00  100.00   99.98   99.93   99.96   99.98   51.76   50.22   50.99   47.86   52.12
    23: 2020-1-1      47.89   47.78   47.50   47.16   46.74   47.53   48.74   49.93   50.11   49.23   51.16   47.84   48.13   78.82   79.52   79.37   79.61   79.67   79.60   99.99   99.99  100.00  100.00  100.00   99.99   99.98  100.00   99.99   51.73   50.19   50.99   47.82   52.09
    24: 2020-1-28     47.92   47.80   47.52   47.21   46.73   47.60   48.74   49.92   50.10   49.23   51.16   47.86   48.12   78.83   79.52   79.37   79.62   79.68   79.61   99.99   99.99  100.00  100.00  100.00   99.99   99.90   99.96   99.98   51.76   50.22   50.99   47.88   52.11
    25: 2020-1-7      47.93   47.81   47.53   47.21   46.74   47.58   48.74   49.92   50.10   49.23   51.17   47.87   48.12   78.81   79.51   79.36   79.61   79.66   79.60   99.99   99.98   99.98   99.99   99.99  100.00   99.93   99.96   99.98   51.75   50.21   50.99   47.86   52.11
    26: 2020-1-12     47.90   47.78   47.50   47.17   46.74   47.54   48.73   49.90   50.08   49.20   51.14   47.84   48.10   78.79   79.49   79.34   79.57   79.64   79.55   99.99   99.96   99.93   99.98   99.90   99.93  100.00  100.00   99.98   51.70   50.16   50.98   47.80   52.06
    27: 2020-1-14     47.89   47.77   47.49   47.15   46.74   47.54   48.74   49.91   50.10   49.22   51.15   47.83   48.11   78.79   79.50   79.34   79.58   79.64   79.57   99.99   99.99   99.96  100.00   99.96   99.96  100.00  100.00   99.98   51.71   50.17   50.99   47.81   52.06
    28: 2020-1-5      47.90   47.79   47.50   47.16   46.74   47.53   48.75   49.94   50.12   49.24   51.17   47.85   48.13   78.80   79.50   79.35   79.59   79.65   79.58   99.98   99.98   99.98   99.99   99.98   99.98   99.98   99.98  100.00   51.73   50.18   51.00   47.83   52.08
    29: NC_009019.1   47.82   47.68   47.63   47.35   47.03   47.79   49.07   50.41   50.54   49.41   51.69   47.59   47.88   51.42   51.10   51.25   51.38   51.39   51.48   51.73   51.76   51.76   51.73   51.76   51.75   51.70   51.71   51.73  100.00   72.54   69.92   48.34   50.91
    30: NC_009020.1   46.14   46.28   46.23   45.68   45.91   45.98   46.76   48.54   48.75   47.88   49.06   46.21   46.37   50.18   50.09   50.27   50.15   50.09   50.21   50.19   50.22   50.22   50.19   50.22   50.21   50.16   50.17   50.18   72.54  100.00   70.44   46.79   49.31
    31: KM015348.1    46.84   46.86   46.74   46.70   46.19   46.76   47.67   49.48   49.71   48.96   50.41   46.63   46.55   50.77   50.50   50.72   50.63   50.63   50.59   50.99   50.99   50.99   50.99   50.99   50.99   50.98   50.99   51.00   69.92   70.44  100.00   47.55   50.18
    32: AJ311317.1    47.10   47.14   47.01   46.87   46.68   47.22   48.41   47.69   47.90   46.38   48.83   46.79   47.38   47.00   47.16   47.18   47.09   47.17   47.28   47.82   47.86   47.86   47.82   47.88   47.86   47.80   47.81   47.83   48.34   46.79   47.55  100.00   47.90
    33: NC_009021.1   47.20   46.95   46.97   46.47   46.68   46.91   48.23   50.64   50.74   49.37   51.39   46.81   46.74   51.38   51.35   51.46   51.47   51.47   51.50   52.09   52.12   52.12   52.09   52.11   52.11   52.06   52.06   52.08   50.91   49.31   50.18   47.90  100.00
